
Base graph vertices:
Vertex 0: (39, 36) (36, 8) (40, 18) (23, 7) (37, 29) (42, 22) (28, 25) (15, 9) (35, 29) (17, 1) (6, 36) (43, 35) (33, 5) (8, 3) (45, 31) (18, 6) (46, 15) (21, 28) (7, 16) (12, 27) (49, 17) (32, 7) (10, 34) (30, 40) (16, 39) (29, 13) (22, 36) (1, 9) (38, 17) (20, 15) (24, 3) (4, 35) (9, 18) (41, 22) (19, 8) (34, 12) (48, 10) (14, 40) (2, 15) (25, 29) (44, 34) (11, 11) (3, 18) (26, 2) 
Vertex 1: (0, 9) (5, 26) (12, 5) (2, 36) (23, 30) (46, 30) (6, 6) (26, 32) (39, 23) (17, 14) (47, 11) (3, 29) (19, 28) (44, 10) (25, 37) (33, 2) (11, 26) (13, 13) (16, 31) (20, 39) (21, 3) (22, 37) (24, 16) (29, 35) (37, 34) (40, 3) 
Vertex 2: (0, 15) (1, 36) (32, 18) (47, 39) (12, 16) (10, 1) (21, 28) (25, 10) (18, 16) (35, 28) (13, 9) (24, 7) (9, 24) (8, 22) (23, 12) (28, 30) (14, 25) (29, 16) (42, 28) (6, 36) (33, 18) (36, 25) (20, 13) (7, 21) (19, 10) (31, 34) (3, 18) (4, 20) (11, 3) (15, 27) (16, 25) (17, 19) (22, 28) (37, 14) (40, 5) (43, 15) (44, 11) 
Vertex 3: (1, 29) (5, 21) (11, 8) (44, 2) (37, 18) (39, 8) (42, 40) (2, 18) (24, 28) (32, 21) (45, 6) (0, 18) (14, 18) (8, 19) (47, 28) (38, 27) (41, 19) (4, 24) (7, 6) (49, 1) (26, 15) (40, 32) (21, 17) (18, 25) (20, 39) (29, 30) (36, 15) (22, 26) (33, 19) (34, 24) (10, 2) (15, 16) (16, 23) (17, 27) (19, 4) (23, 27) (25, 31) (28, 34) (35, 11) (43, 10) 
Vertex 4: (0, 35) (3, 24) (47, 13) (37, 6) (29, 28) (31, 39) (23, 8) (46, 11) (20, 36) (6, 6) (10, 33) (16, 27) (40, 36) (5, 36) (12, 5) (42, 15) (21, 31) (28, 19) (2, 20) (49, 26) (19, 18) (35, 35) (27, 28) (7, 32) (14, 32) (15, 18) (17, 11) (22, 30) (30, 40) (41, 13) (44, 24) 
Vertex 5: (1, 26) (3, 21) (4, 36) (38, 2) (44, 13) (49, 13) (9, 24) (11, 26) (12, 22) (13, 2) (14, 13) (16, 32) (17, 14) (20, 5) (21, 26) (22, 27) (23, 39) (24, 11) (25, 23) (29, 36) (30, 28) (35, 7) (37, 24) (39, 24) (40, 25) 
Vertex 6: (0, 36) (1, 6) (2, 36) (4, 6) (15, 10) (14, 27) (33, 4) (37, 40) (24, 27) (31, 9) (39, 37) (27, 38) (32, 39) (44, 29) (9, 38) (26, 24) (11, 20) (48, 19) (16, 17) (30, 16) (20, 25) (42, 10) (18, 27) (47, 36) (13, 17) (17, 36) (22, 11) (25, 15) (28, 4) (29, 33) (40, 15) (41, 23) (43, 40) 
Vertex 7: (0, 16) (2, 21) (3, 6) (8, 19) (16, 19) (46, 16) (14, 24) (45, 39) (17, 15) (11, 20) (29, 4) (4, 32) (21, 15) (12, 39) (27, 28) (23, 11) (31, 10) (48, 20) (15, 9) (20, 20) (22, 3) (24, 28) (26, 13) (36, 31) (37, 7) (40, 11) (43, 1) 
Vertex 8: (0, 3) (2, 22) (3, 19) (7, 19) (18, 15) (38, 15) (20, 22) (35, 23) (17, 35) (48, 14) (43, 24) (33, 16) (44, 23) (15, 16) (46, 6) (16, 3) (11, 6) (36, 14) (22, 12) (34, 16) (13, 7) (14, 7) (19, 21) (23, 25) (29, 18) (37, 10) (39, 13) (40, 4) (41, 22) (42, 4) 
Vertex 9: (0, 18) (2, 24) (6, 38) (40, 13) (44, 23) (12, 35) (14, 34) (32, 22) (22, 39) (48, 22) (43, 8) (34, 40) (20, 15) (41, 37) (33, 29) (45, 16) (11, 9) (19, 29) (49, 20) (46, 21) (18, 6) (17, 27) (5, 24) (10, 38) (13, 23) (15, 33) (16, 20) (21, 2) (23, 27) (28, 30) (29, 19) (30, 18) (37, 39) (39, 9) 
Vertex 10: (0, 34) (2, 1) (4, 33) (34, 4) (29, 25) (49, 36) (16, 29) (27, 21) (25, 12) (44, 9) (3, 2) (21, 29) (28, 12) (41, 19) (9, 38) (11, 3) (12, 9) (14, 39) (15, 6) (17, 25) (20, 37) (22, 5) (23, 32) (30, 25) (35, 39) (37, 28) (39, 5) (40, 20) (43, 20) 
Vertex 11: (0, 11) (3, 8) (6, 20) (7, 20) (8, 6) (9, 9) (36, 6) (5, 26) (32, 38) (48, 31) (26, 13) (47, 34) (25, 29) (23, 33) (18, 2) (27, 36) (2, 3) (19, 3) (46, 22) (34, 30) (22, 10) (21, 38) (44, 23) (40, 22) (17, 18) (41, 7) (37, 1) (31, 2) (1, 26) (49, 39) (20, 29) (10, 3) (29, 12) (45, 21) (28, 17) (30, 38) (43, 5) (24, 11) (12, 17) (13, 8) (14, 2) (16, 29) (39, 24) 
Vertex 12: (0, 27) (1, 5) (2, 16) (4, 5) (7, 39) (9, 35) (11, 17) (37, 26) (35, 19) (45, 22) (39, 5) (19, 39) (40, 9) (42, 25) (23, 9) (33, 14) (22, 31) (10, 9) (5, 22) (44, 1) (24, 40) (43, 34) (47, 36) (41, 30) (15, 27) (26, 16) (34, 29) (28, 21) (30, 2) (25, 6) (13, 4) (14, 38) (16, 20) (20, 23) (29, 37) 
Vertex 13: (2, 9) (12, 4) (40, 29) (6, 17) (25, 36) (1, 13) (31, 34) (36, 6) (38, 10) (33, 7) (27, 32) (14, 33) (43, 11) (11, 8) (5, 2) (28, 40) (23, 38) (48, 37) (9, 23) (47, 1) (49, 21) (26, 25) (22, 30) (35, 6) (8, 7) (45, 7) (41, 3) (18, 16) (19, 37) (30, 14) (20, 21) (32, 22) (37, 1) (15, 18) (16, 7) (17, 37) (21, 10) (24, 34) (29, 31) (39, 37) (44, 22) 
Vertex 14: (0, 40) (2, 25) (3, 18) (6, 27) (7, 24) (9, 34) (13, 33) (35, 19) (21, 27) (31, 14) (23, 22) (33, 23) (4, 32) (37, 33) (32, 35) (11, 2) (46, 12) (19, 38) (25, 21) (5, 13) (8, 7) (17, 40) (40, 39) (22, 2) (15, 23) (20, 33) (44, 16) (16, 38) (18, 40) (48, 20) (41, 10) (38, 5) (47, 21) (10, 39) (30, 30) (12, 38) (28, 1) (43, 16) (49, 32) (39, 39) (29, 22) (36, 1) (34, 29) (42, 38) 
Vertex 15: (0, 9) (6, 10) (8, 16) (12, 27) (13, 18) (14, 23) (3, 16) (16, 33) (32, 7) (4, 18) (39, 6) (37, 32) (38, 17) (28, 32) (49, 2) (25, 20) (45, 37) (30, 23) (9, 33) (41, 18) (2, 27) (10, 6) (17, 20) (18, 13) (31, 13) (26, 2) (33, 14) (29, 30) (7, 9) (42, 9) (19, 29) (20, 33) (22, 23) (23, 13) (40, 14) (43, 14) (44, 3) 
Vertex 16: (0, 39) (4, 27) (6, 17) (7, 19) (8, 3) (10, 29) (14, 38) (15, 33) (21, 32) (27, 2) (17, 17) (30, 30) (3, 23) (36, 28) (24, 27) (12, 20) (32, 16) (49, 13) (18, 14) (28, 2) (20, 34) (42, 27) (2, 25) (41, 14) (46, 7) (9, 20) (45, 5) (19, 6) (43, 18) (25, 22) (5, 32) (40, 37) (37, 35) (13, 7) (22, 31) (29, 28) (44, 29) (47, 23) (1, 31) (26, 25) (39, 23) (48, 1) (11, 29) (31, 30) (34, 2) (35, 33) (38, 29) (23, 21) 
Vertex 17: (0, 1) (1, 14) (7, 15) (8, 35) (9, 27) (11, 18) (14, 40) (15, 20) (16, 17) (40, 15) (42, 18) (28, 10) (48, 27) (10, 25) (41, 16) (33, 20) (6, 36) (44, 24) (36, 22) (13, 37) (32, 23) (46, 7) (45, 29) (38, 11) (19, 40) (5, 14) (34, 25) (18, 24) (27, 18) (23, 16) (35, 10) (21, 19) (43, 40) (30, 1) (26, 25) (49, 33) (20, 29) (2, 19) (4, 11) (37, 8) (24, 24) (25, 30) (29, 10) (31, 10) (3, 27) (47, 36) (22, 28) (39, 5) 
Vertex 18: (0, 6) (2, 16) (3, 25) (6, 27) (8, 15) (9, 6) (11, 2) (13, 16) (14, 40) (15, 13) (16, 14) (17, 24) (20, 24) (21, 4) (23, 23) (24, 19) (29, 30) (30, 22) (35, 15) (36, 16) (37, 25) (40, 33) (43, 2) 
Vertex 19: (0, 8) (1, 28) (2, 10) (4, 18) (9, 29) (11, 3) (12, 39) (13, 37) (14, 38) (16, 6) (17, 40) (47, 25) (40, 31) (15, 29) (30, 28) (31, 17) (35, 33) (8, 21) (42, 36) (39, 36) (46, 10) (23, 12) (33, 21) (34, 5) (3, 4) (20, 28) (22, 36) (26, 34) (29, 18) (37, 10) (43, 2) 
Vertex 20: (0, 15) (2, 13) (3, 39) (4, 36) (6, 25) (8, 22) (9, 15) (11, 29) (13, 21) (14, 33) (16, 34) (17, 29) (18, 24) (29, 24) (44, 17) (43, 39) (32, 26) (31, 27) (37, 31) (40, 5) (1, 39) (39, 31) (12, 23) (48, 27) (26, 26) (36, 17) (22, 29) (30, 27) (45, 28) (46, 19) (35, 9) (49, 23) (47, 9) (25, 34) (34, 2) (27, 2) (23, 20) (19, 28) (5, 5) (7, 20) (10, 37) (24, 27) (21, 12) (33, 15) (41, 25) (42, 17) (38, 8) (15, 33) (28, 25) 
Vertex 21: (0, 28) (2, 28) (3, 17) (4, 31) (7, 15) (10, 29) (11, 38) (14, 27) (16, 32) (17, 19) (20, 12) (43, 16) (33, 15) (37, 30) (40, 15) (35, 17) (46, 36) (1, 3) (18, 4) (24, 25) (41, 35) (25, 16) (36, 22) (9, 2) (27, 1) (30, 13) (38, 7) (45, 31) (39, 28) (26, 14) (5, 26) (34, 9) (23, 27) (48, 6) (49, 14) (22, 9) (13, 10) (29, 5) (44, 13) 
Vertex 22: (0, 36) (3, 26) (8, 12) (9, 39) (11, 10) (12, 31) (13, 30) (14, 2) (16, 31) (17, 28) (20, 29) (21, 9) (4, 30) (2, 28) (35, 36) (31, 31) (46, 23) (39, 19) (29, 27) (6, 11) (45, 19) (19, 36) (36, 38) (41, 14) (24, 19) (30, 39) (5, 27) (27, 14) (42, 10) (1, 37) (28, 8) (15, 23) (7, 3) (48, 3) (26, 11) (10, 5) (47, 3) (23, 28) (37, 26) (40, 28) (44, 3) 
Vertex 23: (0, 7) (1, 30) (2, 12) (4, 8) (7, 11) (11, 33) (12, 9) (13, 38) (14, 22) (17, 16) (19, 12) (20, 20) (21, 27) (30, 10) (32, 5) (31, 32) (40, 25) (36, 22) (16, 21) (22, 28) (44, 22) (27, 23) (9, 27) (26, 24) (47, 11) (18, 23) (5, 39) (3, 27) (29, 11) (25, 40) (41, 31) (38, 33) (35, 12) (37, 17) (33, 35) (15, 13) (10, 32) (24, 18) (45, 20) (43, 19) (49, 21) (39, 39) (8, 25) (34, 14) 
Vertex 24: (0, 3) (2, 7) (3, 28) (6, 27) (11, 11) (12, 40) (16, 27) (17, 24) (20, 27) (21, 25) (22, 19) (23, 18) (13, 34) (1, 16) (30, 12) (18, 19) (28, 34) (7, 28) (45, 5) (26, 16) (5, 11) (48, 32) (29, 8) (31, 37) (37, 25) (39, 35) (40, 3) (42, 29) (43, 1) (44, 40) (49, 17) 
Vertex 25: (0, 29) (1, 37) (2, 10) (10, 12) (11, 29) (12, 6) (13, 36) (14, 21) (15, 20) (16, 22) (17, 30) (20, 34) (21, 16) (23, 40) (49, 8) (37, 23) (5, 23) (39, 36) (48, 7) (30, 12) (6, 15) (26, 6) (3, 31) (43, 2) (45, 14) (28, 11) (41, 19) (31, 37) (44, 13) (36, 33) (29, 40) (35, 3) 
Vertex 26: (1, 32) (3, 15) (6, 24) (11, 13) (12, 16) (13, 25) (15, 2) (16, 25) (17, 25) (20, 26) (21, 14) (22, 11) (23, 24) (24, 16) (25, 6) (40, 12) (28, 23) (19, 34) (44, 16) (31, 8) (30, 14) (36, 11) (0, 2) (29, 30) (7, 13) (43, 33) (33, 19) (48, 3) (46, 25) (47, 37) (37, 29) (39, 8) (49, 40) 
Vertex 27: (4, 28) (6, 38) (7, 28) (10, 21) (11, 36) (13, 32) (16, 2) (17, 18) (20, 2) (21, 1) (22, 14) (23, 23) (29, 4) (30, 14) (35, 14) (39, 13) (40, 23) (41, 26) (43, 20) (44, 14) 
Vertex 28: (0, 25) (2, 30) (4, 19) (10, 12) (11, 17) (12, 21) (13, 40) (14, 1) (15, 32) (16, 2) (17, 10) (20, 25) (22, 8) (24, 34) (25, 11) (26, 23) (42, 14) (35, 39) (30, 3) (3, 34) (6, 4) (9, 30) (31, 21) (29, 16) (33, 36) (37, 4) (39, 36) (40, 2) 
Vertex 29: (0, 13) (2, 16) (3, 30) (4, 28) (7, 4) (10, 25) (11, 12) (14, 22) (15, 30) (16, 28) (17, 10) (20, 24) (22, 27) (23, 11) (26, 30) (5, 36) (13, 31) (18, 30) (46, 10) (27, 4) (32, 37) (39, 33) (41, 28) (25, 40) (44, 29) (31, 9) (38, 10) (9, 19) (21, 5) (12, 37) (36, 36) (19, 18) (47, 40) (1, 35) (30, 40) (34, 21) (28, 16) (8, 18) (35, 30) (43, 2) (40, 2) (33, 31) (45, 2) (37, 18) (6, 33) (24, 8) (48, 12) 
Vertex 30: (0, 40) (6, 16) (11, 38) (12, 2) (13, 14) (14, 30) (15, 23) (16, 30) (17, 1) (19, 28) (20, 27) (21, 13) (22, 39) (23, 10) (24, 12) (25, 12) (26, 14) (28, 3) (29, 40) (44, 15) (18, 22) (36, 6) (5, 28) (47, 4) (10, 25) (40, 17) (31, 40) (27, 14) (46, 27) (33, 2) (41, 6) (38, 39) (37, 30) (35, 5) (49, 2) (4, 40) (9, 18) (39, 14) (42, 35) (43, 11) 
Vertex 31: (2, 34) (4, 39) (6, 9) (7, 10) (11, 2) (13, 34) (14, 14) (15, 13) (16, 30) (17, 10) (19, 17) (20, 27) (22, 31) (23, 32) (25, 37) (26, 8) (28, 21) (29, 9) (30, 40) (24, 37) (35, 2) (37, 40) (39, 7) (40, 4) (42, 14) (43, 13) 
Vertex 32: (0, 7) (2, 18) (3, 21) (6, 39) (9, 22) (11, 38) (13, 22) (14, 35) (15, 7) (16, 16) (17, 23) (20, 26) (23, 5) (29, 37) (37, 29) (39, 26) (40, 27) (43, 32) (49, 37) 
Vertex 33: (0, 5) (1, 2) (2, 18) (3, 19) (6, 4) (8, 16) (9, 29) (12, 14) (13, 7) (14, 23) (15, 14) (17, 20) (19, 21) (20, 15) (21, 15) (23, 35) (26, 19) (29, 31) (30, 2) (28, 36) (41, 1) (48, 27) (35, 20) (37, 22) (40, 4) (43, 39) (44, 16) 
Vertex 34: (0, 12) (3, 24) (8, 16) (9, 40) (10, 4) (11, 30) (12, 29) (14, 29) (16, 2) (17, 25) (19, 5) (20, 2) (21, 9) (23, 14) (29, 21) (37, 8) (39, 4) (40, 25) (42, 35) (44, 5) 
Vertex 35: (0, 29) (2, 28) (4, 35) (8, 23) (12, 19) (13, 6) (14, 19) (16, 33) (17, 10) (19, 33) (20, 9) (21, 17) (22, 36) (23, 12) (28, 39) (29, 30) (30, 5) (27, 14) (10, 39) (31, 2) (46, 21) (39, 17) (3, 11) (44, 12) (45, 30) (25, 3) (5, 7) (38, 1) (33, 20) (18, 15) (42, 24) (37, 35) (40, 4) 
Vertex 36: (0, 8) (2, 25) (3, 15) (8, 14) (11, 6) (13, 6) (14, 1) (16, 28) (17, 22) (20, 17) (21, 22) (22, 38) (23, 22) (25, 33) (26, 11) (29, 36) (30, 6) (48, 17) (7, 31) (18, 16) (44, 26) (37, 10) (39, 29) (41, 27) 
Vertex 37: (0, 29) (3, 18) (4, 6) (6, 40) (11, 1) (12, 26) (13, 1) (14, 33) (15, 32) (16, 35) (17, 8) (20, 31) (21, 30) (23, 17) (25, 23) (29, 18) (30, 30) (22, 26) (5, 24) (39, 35) (47, 15) (34, 8) (49, 20) (28, 4) (46, 22) (10, 28) (18, 25) (38, 7) (40, 20) (24, 25) (48, 38) (44, 19) (7, 7) (36, 10) (1, 34) (32, 29) (45, 7) (19, 10) (26, 29) (35, 35) (8, 10) (31, 40) (42, 17) (9, 39) (2, 14) (33, 22) (43, 25) 
Vertex 38: (0, 17) (3, 27) (5, 2) (8, 15) (13, 10) (14, 5) (15, 17) (16, 29) (17, 11) (20, 8) (21, 7) (23, 33) (29, 10) (30, 39) (35, 1) (37, 7) (39, 32) (43, 15) (44, 21) 
Vertex 39: (0, 36) (1, 23) (3, 8) (6, 37) (12, 5) (14, 39) (15, 6) (16, 23) (17, 5) (19, 36) (20, 31) (21, 28) (22, 19) (23, 39) (25, 36) (29, 33) (35, 17) (37, 35) (10, 5) (8, 13) (40, 28) (24, 35) (26, 8) (28, 36) (30, 14) (27, 13) (42, 10) (36, 29) (9, 9) (46, 13) (11, 24) (48, 29) (49, 23) (45, 3) (31, 7) (32, 26) (47, 1) (13, 37) (5, 24) (38, 32) (34, 4) (41, 11) (43, 1) (44, 17) 
Vertex 40: (0, 18) (3, 32) (4, 36) (9, 13) (11, 22) (12, 9) (13, 29) (14, 39) (16, 37) (17, 15) (19, 31) (20, 5) (21, 15) (23, 25) (26, 12) (29, 2) (30, 17) (37, 20) (39, 28) (45, 4) (49, 2) (28, 2) (18, 33) (6, 15) (35, 4) (34, 25) (7, 11) (22, 28) (46, 10) (24, 3) (44, 27) (32, 27) (10, 20) (31, 4) (41, 5) (2, 5) (5, 25) (15, 14) (42, 7) (33, 4) (47, 37) (8, 4) (27, 23) (43, 37) (48, 21) (1, 3) 
Vertex 41: (0, 22) (3, 19) (9, 37) (10, 19) (11, 7) (12, 30) (13, 3) (14, 10) (15, 18) (16, 14) (17, 16) (20, 25) (21, 35) (22, 14) (23, 31) (25, 19) (29, 28) (30, 6) (33, 1) (39, 11) (40, 5) (8, 22) (6, 23) (27, 26) (36, 27) (4, 13) (43, 20) 
Vertex 42: (0, 22) (2, 28) (3, 40) (4, 15) (6, 10) (12, 25) (15, 9) (16, 27) (17, 18) (19, 36) (20, 17) (22, 10) (28, 14) (35, 24) (37, 17) (39, 10) (40, 7) (24, 29) (14, 38) (46, 15) (31, 14) (8, 4) (30, 35) (43, 16) (47, 37) (34, 35) 
Vertex 43: (0, 35) (8, 24) (9, 8) (11, 5) (12, 34) (13, 11) (14, 16) (16, 18) (17, 40) (20, 39) (21, 16) (23, 19) (25, 2) (26, 33) (29, 2) (40, 37) (42, 16) (45, 28) (30, 11) (3, 10) (10, 20) (39, 1) (7, 1) (24, 1) (2, 15) (38, 15) (31, 13) (41, 20) (46, 21) (6, 40) (48, 32) (37, 25) (18, 2) (27, 20) (47, 7) (33, 39) (32, 32) (19, 2) (15, 14) (44, 15) 
Vertex 44: (0, 34) (1, 10) (3, 2) (5, 13) (6, 29) (8, 23) (9, 23) (10, 9) (11, 23) (12, 1) (14, 16) (16, 29) (17, 24) (20, 17) (23, 22) (25, 13) (26, 16) (29, 29) (30, 15) (35, 12) (36, 26) (37, 19) (40, 27) (24, 40) (48, 32) (46, 40) (4, 24) (39, 17) (38, 21) (49, 15) (13, 22) (22, 3) (2, 11) (43, 15) (34, 5) (21, 13) (27, 14) (47, 20) (33, 16) (15, 3) 
Vertex 45: (0, 31) (3, 6) (7, 39) (9, 16) (11, 21) (12, 22) (13, 7) (15, 37) (16, 5) (17, 29) (20, 28) (21, 31) (22, 19) (23, 20) (24, 5) (25, 14) (29, 2) (35, 30) (37, 7) (39, 3) (40, 4) (43, 28) (49, 36) 
Vertex 46: (0, 15) (1, 30) (4, 11) (7, 16) (8, 6) (9, 21) (11, 22) (14, 12) (16, 7) (17, 7) (19, 10) (20, 19) (21, 36) (22, 23) (26, 25) (29, 10) (30, 27) (35, 21) (37, 22) (39, 13) (40, 10) (42, 15) (43, 21) (44, 40) (49, 24) 
Vertex 47: (1, 11) (2, 39) (3, 28) (4, 13) (6, 36) (11, 34) (12, 36) (13, 1) (14, 21) (16, 23) (17, 36) (19, 25) (20, 9) (22, 3) (23, 11) (26, 37) (29, 40) (30, 4) (37, 15) (39, 1) (40, 37) (42, 37) (43, 7) (44, 20) 
Vertex 48: (0, 10) (6, 19) (7, 20) (8, 14) (9, 22) (11, 31) (13, 37) (14, 20) (16, 1) (17, 27) (20, 27) (21, 6) (22, 3) (24, 32) (25, 7) (26, 3) (29, 12) (33, 27) (36, 17) (37, 38) (39, 29) (40, 21) (43, 32) (44, 32) 
Vertex 49: (0, 17) (3, 1) (4, 26) (5, 13) (9, 20) (10, 36) (11, 39) (13, 21) (14, 32) (15, 2) (16, 13) (17, 33) (20, 23) (21, 14) (23, 21) (25, 8) (30, 2) (37, 20) (39, 23) (40, 2) (44, 15) (26, 40) (32, 37) (24, 17) (46, 24) (45, 36) 


Best tree vertices (greedy):
Vertex 0: (17, 1) (26, 2) (8, 3) 
Vertex 1: (21, 3) (33, 2) 
Vertex 2: (10, 1) 
Vertex 3: (49, 1) (10, 2) (19, 4) 
Vertex 4: (12, 5) 
Vertex 5: (13, 2) (38, 2) 
Vertex 6: (33, 4) 
Vertex 7: (43, 1) (22, 3) 
Vertex 8: (0, 3) (42, 4) (46, 6) 
Vertex 9: (21, 2) 
Vertex 10: (2, 1) (3, 2) 
Vertex 11: (14, 2) (37, 1) (18, 2) 
Vertex 12: (4, 5) (30, 2) (44, 1) 
Vertex 13: (5, 2) (37, 1) (47, 1) 
Vertex 14: (11, 2) (28, 1) (36, 1) 
Vertex 15: (26, 2) (32, 7) 
Vertex 16: (28, 2) (48, 1) (27, 2) 
Vertex 17: (0, 1) (30, 1) 
Vertex 18: (11, 2) 
Vertex 19: (3, 4) 
Vertex 20: (27, 2) (34, 2) 
Vertex 21: (1, 3) (9, 2) (27, 1) 
Vertex 22: (7, 3) 
Vertex 23: (32, 5) 
Vertex 24: (43, 1) 
Vertex 25: (35, 3) 
Vertex 26: (0, 2) (15, 2) 
Vertex 27: (16, 2) (20, 2) (21, 1) 
Vertex 28: (14, 1) (16, 2) (40, 2) 
Vertex 29: (40, 2) (45, 2) 
Vertex 30: (12, 2) (17, 1) (49, 2) 
Vertex 31: (35, 2) 
Vertex 32: (15, 7) (23, 5) 
Vertex 33: (1, 2) (6, 4) (41, 1) 
Vertex 34: (20, 2) 
Vertex 35: (25, 3) (31, 2) (38, 1) 
Vertex 36: (14, 1) 
Vertex 37: (11, 1) (13, 1) 
Vertex 38: (5, 2) (35, 1) 
Vertex 39: (47, 1) (43, 1) 
Vertex 40: (28, 2) (29, 2) (49, 2) 
Vertex 41: (33, 1) 
Vertex 42: (8, 4) 
Vertex 43: (7, 1) (24, 1) (39, 1) 
Vertex 44: (12, 1) 
Vertex 45: (29, 2) 
Vertex 46: (8, 6) 
Vertex 47: (13, 1) (39, 1) 
Vertex 48: (16, 1) 
Vertex 49: (3, 1) (30, 2) (40, 2) 


Best tree vertices (mutation):
Vertex 0: (16, 1) 
Vertex 1: (28, 9) (41, 5) 
Vertex 2: (40, 2) 
Vertex 3: (9, 3) (39, 1) (16, 4) 
Vertex 4: (36, 3) (47, 3) 
Vertex 5: (19, 2) (14, 1) 
Vertex 6: (13, 3) (45, 9) 
Vertex 7: (44, 3) 
Vertex 8: (29, 4) (12, 7) 
Vertex 9: (3, 3) (18, 3) 
Vertex 10: (32, 5) (18, 1) (21, 1) 
Vertex 11: (33, 2) (38, 2) (27, 7) 
Vertex 12: (8, 7) 
Vertex 13: (6, 3) (43, 4) 
Vertex 14: (5, 1) 
Vertex 15: (24, 4) (29, 6) 
Vertex 16: (0, 1) (3, 4) 
Vertex 17: (21, 5) (19, 1) 
Vertex 18: (9, 3) (10, 1) (24, 1) 
Vertex 19: (5, 2) (17, 1) 
Vertex 20: (37, 4) (23, 1) (44, 5) 
Vertex 21: (10, 1) (17, 5) (23, 7) 
Vertex 22: (42, 1) (35, 2) 
Vertex 23: (20, 1) (21, 7) 
Vertex 24: (15, 4) (18, 1) (26, 1) 
Vertex 25: (31, 1) 
Vertex 26: (24, 1) (46, 5) (38, 1) 
Vertex 27: (11, 7) 
Vertex 28: (1, 9) (30, 1) (46, 1) 
Vertex 29: (8, 4) (15, 6) (35, 1) 
Vertex 30: (28, 1) 
Vertex 31: (25, 1) (37, 1) 
Vertex 32: (10, 5) (36, 4) (48, 3) 
Vertex 33: (11, 2) 
Vertex 34: (43, 1) 
Vertex 35: (22, 2) (29, 1) 
Vertex 36: (4, 3) (32, 4) (40, 1) 
Vertex 37: (20, 4) (31, 1) 
Vertex 38: (11, 2) (26, 1) 
Vertex 39: (3, 1) 
Vertex 40: (2, 2) (36, 1) 
Vertex 41: (1, 5) (45, 3) 
Vertex 42: (22, 1) 
Vertex 43: (13, 4) (34, 1) (49, 5) 
Vertex 44: (7, 3) (20, 5) 
Vertex 45: (6, 9) (41, 3) 
Vertex 46: (26, 5) (28, 1) 
Vertex 47: (4, 3) 
Vertex 48: (32, 3) 
Vertex 49: (43, 5) 

